   96   84  104
    0    0    0   60   52   42
   60    0    0   36   46   84
    0    0   42   60   52   42
    0    0   84   32   46   16
   32    0   84   32   46   16
   64    0   84   16   46   10
   80    0   84   16   46   10
   64    0   94   12   30    7
   76    0   94   12   30    7
    0   52    0   69   30   20
   69   52    0   25   30   20
    0   52   20   21   30   20
   21   52   20   21   30   20
   42   52   20   21   30   20
   63   52   20   21   30   20
   84   52   20   12   30    7
   84   52   27   12   30    7
   84   52   34   12   30    7
   64   52   40   20   30   15
   52   52   40   12   30    7
   40   52   40   12   30    7
   28   52   40   12   30    7
   16   52   40   12   30    7
    4   52   40   12   30    7
   84   52   41   12   30    7
   52   52   47   12   30    7
   27   52   47   25   29   20
    6   52   47   21   26   36
   84   52   48    8   21   20
   52   52   54    8   21   20
   60   52   55   21   26   36
   27   52   67   21   26   36
   81   52   68    8   21   20
   48   52   74    8   21   20
    2   52   83   25   25   20
